0.965
1.06
1.04
1.00
1.00
1.04
0.995
1.03
0.990
1.05
1.02
1.00
0.995
1.06
1.01
1.01
1.03
1.11
1.04
0.975
0.997
1.01
0.985
0.970
1.00
1.06
1.08
0.980
1.01
1.09
1.02
1.02
0.996
1.00
1.09
1.06
1.03
0.961
1.00
0.961
1.00
1.01
1.06
0.999
1.07
1.00
1.02
1.00
0.993
0.990
1.03
1.01
1.06
1.08
1.02
0.995
1.04
1.04
1.06
1.00
1.00
0.987
1.02
1.02
0.968
1.00
0.943
0.985
1.00
0.998
0.992
0.986
0.986
0.977
1.03
0.959
1.04
1.04
0.986
1.04
1.00
1.01
1.01
1.01
1.04
0.935
1.02
1.01
1.01
1.09
0.988
1.06
1.01
1.02
1.04
1.05
1.06
1.06
0.989
1.00
0.995
0.980
0.989
0.950
0.946
0.990
1.05
1.10
1.01
0.969
0.984
0.994
0.985
1.06
1.03
1.04
1.02
1.09
1.07
1.01
0.996
0.998
0.980
0.968
1.04
0.992
1.06
1.05
0.992
1.04
0.996
1.00
1.02
1.05
0.957
0.975
1.02
0.984
1.05
1.06
1.01
1.03
0.984
0.978
1.04
1.07
1.01
0.994
1.03
0.981
1.04
1.01
1.01
1.00
1.00
0.969
0.985
1.14
1.07
1.08
1.05
1.01
1.00
0.995
1.09
1.03
1.02
0.971
1.01
1.07
0.999
1.05
1.03
1.08
1.05
0.948
1.02
0.974
1.00
1.07
1.06
1.01
0.979
0.968
0.984
0.992
1.03
1.00
1.05
1.01
1.09
0.981
0.986
0.973
1.04
0.961
1.03
1.00
0.998
0.982
1.00
0.983
1.01
0.968
0.997
0.976
1.01
0.977
1.00
1.01
1.01
0.999
0.988
0.983
0.997
1.07
0.989
1.07
1.04
1.05
0.961
1.02
1.02
0.946
0.974
0.991
1.00
1.05
1.03
1.00
1.00
1.01
1.04
0.982
1.02
1.04
0.978
1.70
1.05
1.00
1.04
1.02
0.990
0.985
0.992
1.00
1.03
1.02
1.03
1.00
0.993
1.01
0.988
1.05
1.00
1.01
1.01
1.09
1.00
0.966
1.02
1.08
1.00
0.998
0.961
0.977
1.05
1.00
0.978
0.952
0.980
0.980
1.03
0.997
1.00
0.976
1.01
1.00
1.02
1.05
1.07
1.01
0.992
0.984
0.980
1.03
0.932
1.03
0.974
1.02
1.02
1.00
0.999
1.02
0.981
1.02
1.00
1.04
1.01
0.991
0.918
1.10
1.00
1.03
0.969
0.979
1.05
1.01
1.01
1.02
1.00
0.945
1.03
1.05
0.958
1.06
1.05
0.977
1.00
1.02
0.986
1.06
1.01
1.02
0.988
1.05
1.02
0.975
0.986
1.04
0.978
1.08
0.998
0.963
0.963
1.00
0.998
1.01
1.01
1.08
0.950
0.987
1.04
0.991
1.02
0.993
1.07
1.05
0.997
1.01
1.01
0.975
1.05
0.984
0.999
0.987
0.973
0.992
0.977
1.05
0.985
0.947
0.988
0.990
1.05
0.987
0.961
0.937
0.975
0.971
1.05
1.01
1.02
0.978
0.999
0.985
0.991
0.935
1.02
1.02
0.996
1.05
1.05
1.05
0.965
1.00
1.02
1.02
1.04
1.01
1.01
1.01
1.01
1.03
1.03
1.00
0.963
0.986
1.00
1.03
0.977
0.983
1.02
1.09
1.04
0.948
1.05
1.04
1.06
1.02
1.02
1.06
1.03
0.985
0.992
1.01
1.03
1.03
0.987
1.00
1.05
1.09
1.03
1.05
1.08
1.02
1.00
1.07
1.01
1.04
1.05
0.990
0.991
0.984
1.00
1.02
1.04
1.03
0.996
1.03
1.03
0.962
0.934
0.960
0.966
1.02
1.03
1.06
0.989
0.992
0.993
1.02
0.995
1.16
1.02
1.00
0.971
0.960
1.00
1.06
1.02
1.03
0.971
1.00
1.06
1.00
1.05
0.983
1.15
1.02
0.990
0.989
0.968
1.04
1.03
0.970
1.05
1.01
0.964
0.991
0.993
1.06
1.07
0.963
1.01
1.00
1.03
0.936
0.982
0.980
0.994
0.964
0.974
1.05
1.03
1.01
0.987
0.953
1.01
0.977